    0.00000000000000    0.00000000000000
    0.01001001001001    0.00004351626243
    0.02002002002002    0.00008703252486
    0.03003003003003    0.00013054878729
    0.04004004004004    0.00017406504973
    0.05005005005005    0.00021758131216
    0.06006006006006    0.00026109757459
    0.07007007007007    0.00030461383702
    0.08008008008008    0.00034813009945
    0.09009009009009    0.00039164636188
    0.10010010010010    0.00043516262431
    0.11011011011011    0.00047867888674
    0.12012012012012    0.00052219514918
    0.13013013013013    0.00056571141161
    0.14014014014014    0.00060922767404
    0.15015015015015    0.00065274393647
    0.16016016016016    0.00069626019890
    0.17017017017017    0.00073977646133
    0.18018018018018    0.00078329272376
    0.19019019019019    0.00082680898619
    0.20020020020020    0.00087032524863
    0.21021021021021    0.00091384151106
    0.22022022022022    0.00095735777349
    0.23023023023023    0.00100087403592
    0.24024024024024    0.00104439029835
    0.25025025025025    0.00108790656078
    0.26026026026026    0.00113142282321
    0.27027027027027    0.00117493908565
    0.28028028028028    0.00121845534808
    0.29029029029029    0.00126197161051
    0.30030030030030    0.00130548787294
    0.31031031031031    0.00134900413537
    0.32032032032032    0.00139252039780
    0.33033033033033    0.00143603666023
    0.34034034034034    0.00147955292266
    0.35035035035035    0.00152306918510
    0.36036036036036    0.00156658544753
    0.37037037037037    0.00161010170996
    0.38038038038038    0.00165361797239
    0.39039039039039    0.00169713423482
    0.40040040040040    0.00174065049725
    0.41041041041041    0.00178416675968
    0.42042042042042    0.00182768302212
    0.43043043043043    0.00187119928455
    0.44044044044044    0.00191471554698
    0.45045045045045    0.00195823180941
    0.46046046046046    0.00200174807184
    0.47047047047047    0.00204526433427
    0.48048048048048    0.00208878059670
    0.49049049049049    0.00213229685913
    0.50050050050050    0.00217581312157
    0.51051051051051    0.00221932938400
    0.52052052052052    0.00226284564643
    0.53053053053053    0.00230636190886
    0.54054054054054    0.00234987817129
    0.55055055055055    0.00239339443372
    0.56056056056056    0.00243691069615
    0.57057057057057    0.00248042695858
    0.58058058058058    0.00252394322102
    0.59059059059059    0.00256745948345
    0.60060060060060    0.00261097574588
    0.61061061061061    0.00265449200831
    0.62062062062062    0.00269800827074
    0.63063063063063    0.00274152453317
    0.64064064064064    0.00278504079560
    0.65065065065065    0.00282855705804
    0.66066066066066    0.00287207332047
    0.67067067067067    0.00291558958290
    0.68068068068068    0.00295910584533
    0.69069069069069    0.00300262210776
    0.70070070070070    0.00304613837019
    0.71071071071071    0.00308965463262
    0.72072072072072    0.00313317089505
    0.73073073073073    0.00317668715749
    0.74074074074074    0.00322020341992
    0.75075075075075    0.00326371968235
    0.76076076076076    0.00330723594478
    0.77077077077077    0.00335075220721
    0.78078078078078    0.00339426846964
    0.79079079079079    0.00343778473207
    0.80080080080080    0.00348130099451
    0.81081081081081    0.00352481725694
    0.82082082082082    0.00356833351937
    0.83083083083083    0.00361184978180
    0.84084084084084    0.00365536604423
    0.85085085085085    0.00369888230666
    0.86086086086086    0.00374239856909
    0.87087087087087    0.00378591483152
    0.88088088088088    0.00382943109396
    0.89089089089089    0.00387294735639
    0.90090090090090    0.00391646361882
    0.91091091091091    0.00395997988125
    0.92092092092092    0.00400349614368
    0.93093093093093    0.00404701240611
    0.94094094094094    0.00409052866854
    0.95095095095095    0.00413404493097
    0.96096096096096    0.00417756119341
    0.97097097097097    0.00422107745584
    0.98098098098098    0.00426459371827
    0.99099099099099    0.00430810998070
    1.00100100100100    0.00435162624313
    1.01101101101101    0.00439514250556
    1.02102102102102    0.00443865876799
    1.03103103103103    0.00448217503043
    1.04104104104104    0.00452569129286
    1.05105105105105    0.00456920755529
    1.06106106106106    0.00461272381772
    1.07107107107107    0.00465624008015
    1.08108108108108    0.00469975634258
    1.09109109109109    0.00474327260501
    1.10110110110110    0.00478678886744
    1.11111111111111    0.00483030512988
    1.12112112112112    0.00487382139231
    1.13113113113113    0.00491733765474
    1.14114114114114    0.00496085391717
    1.15115115115115    0.00500437017960
    1.16116116116116    0.00504788644203
    1.17117117117117    0.00509140270446
    1.18118118118118    0.00513491896690
    1.19119119119119    0.00517843522933
    1.20120120120120    0.00522195149176
    1.21121121121121    0.00526546775419
    1.22122122122122    0.00530898401662
    1.23123123123123    0.00535250027905
    1.24124124124124    0.00539601654148
    1.25125125125125    0.00543953280391
    1.26126126126126    0.00548304906635
    1.27127127127127    0.00552656532878
    1.28128128128128    0.00557008159121
    1.29129129129129    0.00561359785364
    1.30130130130130    0.00565711411607
    1.31131131131131    0.00570063037850
    1.32132132132132    0.00574414664093
    1.33133133133133    0.00578766290336
    1.34134134134134    0.00583117916580
    1.35135135135135    0.00587469542823
    1.36136136136136    0.00591821169066
    1.37137137137137    0.00596172795309
    1.38138138138138    0.00600524421552
    1.39139139139139    0.00604876047795
    1.40140140140140    0.00609227674038
    1.41141141141141    0.00613579300282
    1.42142142142142    0.00617930926525
    1.43143143143143    0.00622282552768
    1.44144144144144    0.00626634179011
    1.45145145145145    0.00630985805254
    1.46146146146146    0.00635337431497
    1.47147147147147    0.00639689057740
    1.48148148148148    0.00644040683983
    1.49149149149149    0.00648392310227
    1.50150150150150    0.00652743936470
    1.51151151151151    0.00657095562713
    1.52152152152152    0.00661447188956
    1.53153153153153    0.00665798815199
    1.54154154154154    0.00670150441442
    1.55155155155155    0.00674502067685
    1.56156156156156    0.00678853693929
    1.57157157157157    0.00683205320172
    1.58158158158158    0.00687556946415
    1.59159159159159    0.00691908572658
    1.60160160160160    0.00696260198901
    1.61161161161161    0.00700611825144
    1.62162162162162    0.00704963451387
    1.63163163163163    0.00709315077630
    1.64164164164164    0.00713666703874
    1.65165165165165    0.00718018330117
    1.66166166166166    0.00722369956360
    1.67167167167167    0.00726721582603
    1.68168168168168    0.00731073208846
    1.69169169169169    0.00735424835089
    1.70170170170170    0.00739776461332
    1.71171171171171    0.00744128087575
    1.72172172172172    0.00748479713819
    1.73173173173173    0.00752831340062
    1.74174174174174    0.00757182966305
    1.75175175175175    0.00761534592548
    1.76176176176176    0.00765886218791
    1.77177177177177    0.00770237845034
    1.78178178178178    0.00774589471277
    1.79179179179179    0.00778941097521
    1.80180180180180    0.00783292723764
    1.81181181181181    0.00787644350007
    1.82182182182182    0.00791995976250
    1.83183183183183    0.00796347602493
    1.84184184184184    0.00800699228736
    1.85185185185185    0.00805050854979
    1.86186186186186    0.00809402481222
    1.87187187187187    0.00813754107466
    1.88188188188188    0.00818105733709
    1.89189189189189    0.00822457359952
    1.90190190190190    0.00826808986195
    1.91191191191191    0.00831160612438
    1.92192192192192    0.00835512238681
    1.93193193193193    0.00839863864924
    1.94194194194194    0.00844215491168
    1.95195195195195    0.00848567117411
    1.96196196196196    0.00852918743654
    1.97197197197197    0.00857270369897
    1.98198198198198    0.00861621996140
    1.99199199199199    0.00865973622383
    2.00200200200200    0.00870325248626
    2.01201201201201    0.00874676874869
    2.02202202202202    0.00879028501113
    2.03203203203203    0.00883380127356
    2.04204204204204    0.00887731753599
    2.05205205205205    0.00892083379842
    2.06206206206206    0.00896435006085
    2.07207207207207    0.00900786632328
    2.08208208208208    0.00905138258571
    2.09209209209209    0.00909489884814
    2.10210210210210    0.00913841511058
    2.11211211211211    0.00918193137301
    2.12212212212212    0.00922544763544
    2.13213213213213    0.00926896389787
    2.14214214214214    0.00931248016030
    2.15215215215215    0.00935599642273
    2.16216216216216    0.00939951268516
    2.17217217217217    0.00944302894760
    2.18218218218218    0.00948654521003
    2.19219219219219    0.00953006147246
    2.20220220220220    0.00957357773489
    2.21221221221221    0.00961709399732
    2.22222222222222    0.00966061025975
    2.23223223223223    0.00970412652218
    2.24224224224224    0.00974764278461
    2.25225225225225    0.00979115904705
    2.26226226226226    0.00983467530948
    2.27227227227227    0.00987819157191
    2.28228228228228    0.00992170783434
    2.29229229229229    0.00996522409677
    2.30230230230230    0.01000874035920
    2.31231231231231    0.01005225662163
    2.32232232232232    0.01009577288407
    2.33233233233233    0.01013928914650
    2.34234234234234    0.01018280540893
    2.35235235235235    0.01022632167136
    2.36236236236236    0.01026983793379
    2.37237237237237    0.01031335419622
    2.38238238238238    0.01035687045865
    2.39239239239239    0.01040038672108
    2.40240240240240    0.01044390298352
    2.41241241241241    0.01048741924595
    2.42242242242242    0.01053093550838
    2.43243243243243    0.01057445177081
    2.44244244244244    0.01061796803324
    2.45245245245245    0.01066148429567
    2.46246246246246    0.01070500055810
    2.47247247247247    0.01074851682053
    2.48248248248248    0.01079203308297
    2.49249249249249    0.01083554934540
    2.50250250250250    0.01087906560783
    2.51251251251251    0.01092258187026
    2.52252252252252    0.01096609813269
    2.53253253253253    0.01100961439512
    2.54254254254254    0.01105313065755
    2.55255255255255    0.01109664691999
    2.56256256256256    0.01114016318242
    2.57257257257257    0.01118367944485
    2.58258258258258    0.01122719570728
    2.59259259259259    0.01127071196971
    2.60260260260260    0.01131422823214
    2.61261261261261    0.01135774449457
    2.62262262262262    0.01140126075700
    2.63263263263263    0.01144477701944
    2.64264264264264    0.01148829328187
    2.65265265265265    0.01153180954430
    2.66266266266266    0.01157532580673
    2.67267267267267    0.01161884206916
    2.68268268268268    0.01166235833159
    2.69269269269269    0.01170587459402
    2.70270270270270    0.01174939085645
    2.71271271271271    0.01179290711889
    2.72272272272272    0.01183642338132
    2.73273273273273    0.01187993964375
    2.74274274274274    0.01192345590618
    2.75275275275275    0.01196697216861
    2.76276276276276    0.01201048843104
    2.77277277277277    0.01205400469347
    2.78278278278278    0.01209752095591
    2.79279279279279    0.01214103721834
    2.80280280280280    0.01218455348077
    2.81281281281281    0.01222806974320
    2.82282282282282    0.01227158600563
    2.83283283283283    0.01231510226806
    2.84284284284284    0.01235861853049
    2.85285285285285    0.01240213479292
    2.86286286286286    0.01244565105536
    2.87287287287287    0.01248916731779
    2.88288288288288    0.01253268358022
    2.89289289289289    0.01257619984265
    2.90290290290290    0.01261971610508
    2.91291291291291    0.01266323236751
    2.92292292292292    0.01270674862994
    2.93293293293293    0.01275026489237
    2.94294294294294    0.01279378115481
    2.95295295295295    0.01283729741724
    2.96296296296296    0.01288081367967
    2.97297297297297    0.01292432994210
    2.98298298298298    0.01296784620453
    2.99299299299299    0.01301136246696
    3.00300300300300    0.01305487872939
    3.01301301301301    0.01309839499183
    3.02302302302302    0.01314191125426
    3.03303303303303    0.01318542751669
    3.04304304304304    0.01322894377912
    3.05305305305305    0.01327246004155
    3.06306306306306    0.01331597630398
    3.07307307307307    0.01335949256641
    3.08308308308308    0.01340300882884
    3.09309309309309    0.01344652509128
    3.10310310310310    0.01349004135371
    3.11311311311311    0.01353355761614
    3.12312312312312    0.01357707387857
    3.13313313313313    0.01362059014100
    3.14314314314314    0.01366410640343
    3.15315315315315    0.01370762266586
    3.16316316316316    0.01375113892829
    3.17317317317317    0.01379465519073
    3.18318318318318    0.01383817145316
    3.19319319319319    0.01388168771559
    3.20320320320320    0.01392520397802
    3.21321321321321    0.01396872024045
    3.22322322322322    0.01401223650288
    3.23323323323323    0.01405575276531
    3.24324324324324    0.01409926902774
    3.25325325325325    0.01414278529018
    3.26326326326326    0.01418630155261
    3.27327327327327    0.01422981781504
    3.28328328328328    0.01427333407747
    3.29329329329329    0.01431685033990
    3.30330330330330    0.01436036660233
    3.31331331331331    0.01440388286476
    3.32332332332332    0.01444739912720
    3.33333333333333    0.01449091538963
    3.34334334334334    0.01453443165206
    3.35335335335335    0.01457794791449
    3.36336336336336    0.01462146417692
    3.37337337337337    0.01466498043935
    3.38338338338338    0.01470849670178
    3.39339339339339    0.01475201296421
    3.40340340340340    0.01479552922665
    3.41341341341341    0.01483904548908
    3.42342342342342    0.01488256175151
    3.43343343343343    0.01492607801394
    3.44344344344344    0.01496959427637
    3.45345345345345    0.01501311053880
    3.46346346346346    0.01505662680123
    3.47347347347347    0.01510014306366
    3.48348348348348    0.01514365932610
    3.49349349349349    0.01518717558853
    3.50350350350350    0.01523069185096
    3.51351351351351    0.01527420811339
    3.52352352352352    0.01531772437582
    3.53353353353353    0.01536124063825
    3.54354354354354    0.01540475690068
    3.55355355355355    0.01544827316312
    3.56356356356356    0.01549178942555
    3.57357357357357    0.01553530568798
    3.58358358358358    0.01557882195041
    3.59359359359359    0.01562233821284
    3.60360360360360    0.01566585447527
    3.61361361361361    0.01570937073770
    3.62362362362362    0.01575288700013
    3.63363363363363    0.01579640326257
    3.64364364364364    0.01583991952500
    3.65365365365365    0.01588343578743
    3.66366366366366    0.01592695204986
    3.67367367367367    0.01597046831229
    3.68368368368368    0.01601398457472
    3.69369369369369    0.01605750083715
    3.70370370370370    0.01610101709958
    3.71371371371371    0.01614453336202
    3.72372372372372    0.01618804962445
    3.73373373373373    0.01623156588688
    3.74374374374374    0.01627508214931
    3.75375375375375    0.01631859841174
    3.76376376376376    0.01636211467417
    3.77377377377377    0.01640563093660
    3.78378378378378    0.01644914719904
    3.79379379379379    0.01649266346147
    3.80380380380380    0.01653617972390
    3.81381381381381    0.01657969598633
    3.82382382382382    0.01662321224876
    3.83383383383383    0.01666672851119
    3.84384384384384    0.01671024477362
    3.85385385385385    0.01675376103605
    3.86386386386386    0.01679727729849
    3.87387387387387    0.01684079356092
    3.88388388388388    0.01688430982335
    3.89389389389389    0.01692782608578
    3.90390390390390    0.01697134234821
    3.91391391391391    0.01701485861064
    3.92392392392392    0.01705837487307
    3.93393393393393    0.01710189113550
    3.94394394394394    0.01714540739794
    3.95395395395395    0.01718892366037
    3.96396396396396    0.01723243992280
    3.97397397397397    0.01727595618523
    3.98398398398398    0.01731947244766
    3.99399399399399    0.01736298871009
    4.00400400400400    0.01740650497252
    4.01401401401401    0.01745002123495
    4.02402402402402    0.01749353749739
    4.03403403403403    0.01753705375982
    4.04404404404404    0.01758057002225
    4.05405405405405    0.01762408628468
    4.06406406406406    0.01766760254711
    4.07407407407407    0.01771111880954
    4.08408408408408    0.01775463507197
    4.09409409409409    0.01779815133441
    4.10410410410410    0.01784166759684
    4.11411411411411    0.01788518385927
    4.12412412412412    0.01792870012170
    4.13413413413413    0.01797221638413
    4.14414414414414    0.01801573264656
    4.15415415415415    0.01805924890899
    4.16416416416416    0.01810276517142
    4.17417417417417    0.01814628143386
    4.18418418418418    0.01818979769629
    4.19419419419419    0.01823331395872
    4.20420420420420    0.01827683022115
    4.21421421421421    0.01832034648358
    4.22422422422422    0.01836386274601
    4.23423423423423    0.01840737900844
    4.24424424424424    0.01845089527087
    4.25425425425425    0.01849441153331
    4.26426426426426    0.01853792779574
    4.27427427427427    0.01858144405817
    4.28428428428428    0.01862496032060
    4.29429429429429    0.01866847658303
    4.30430430430430    0.01871199284546
    4.31431431431431    0.01875550910789
    4.32432432432432    0.01879902537033
    4.33433433433433    0.01884254163276
    4.34434434434434    0.01888605789519
    4.35435435435435    0.01892957415762
    4.36436436436436    0.01897309042005
    4.37437437437437    0.01901660668248
    4.38438438438438    0.01906012294491
    4.39439439439439    0.01910363920734
    4.40440440440440    0.01914715546978
    4.41441441441441    0.01919067173221
    4.42442442442442    0.01923418799464
    4.43443443443443    0.01927770425707
    4.44444444444444    0.01932122051950
    4.45445445445445    0.01936473678193
    4.46446446446446    0.01940825304436
    4.47447447447447    0.01945176930679
    4.48448448448448    0.01949528556923
    4.49449449449449    0.01953880183166
    4.50450450450450    0.01958231809409
    4.51451451451451    0.01962583435652
    4.52452452452452    0.01966935061895
    4.53453453453453    0.01971286688138
    4.54454454454454    0.01975638314381
    4.55455455455455    0.01979989940625
    4.56456456456456    0.01984341566868
    4.57457457457457    0.01988693193111
    4.58458458458458    0.01993044819354
    4.59459459459459    0.01997396445597
    4.60460460460460    0.02001748071840
    4.61461461461461    0.02006099698083
    4.62462462462462    0.02010451324326
    4.63463463463463    0.02014802950570
    4.64464464464464    0.02019154576813
    4.65465465465465    0.02023506203056
    4.66466466466466    0.02027857829299
    4.67467467467467    0.02032209455542
    4.68468468468468    0.02036561081785
    4.69469469469469    0.02040912708028
    4.70470470470470    0.02045264334271
    4.71471471471471    0.02049615960515
    4.72472472472472    0.02053967586758
    4.73473473473473    0.02058319213001
    4.74474474474474    0.02062670839244
    4.75475475475475    0.02067022465487
    4.76476476476476    0.02071374091730
    4.77477477477477    0.02075725717973
    4.78478478478478    0.02080077344217
    4.79479479479479    0.02084428970460
    4.80480480480480    0.02088780596703
    4.81481481481481    0.02093132222946
    4.82482482482482    0.02097483849189
    4.83483483483483    0.02101835475432
    4.84484484484484    0.02106187101675
    4.85485485485485    0.02110538727918
    4.86486486486486    0.02114890354162
    4.87487487487487    0.02119241980405
    4.88488488488488    0.02123593606648
    4.89489489489489    0.02127945232891
    4.90490490490490    0.02132296859134
    4.91491491491491    0.02136648485377
    4.92492492492492    0.02141000111620
    4.93493493493493    0.02145351737863
    4.94494494494494    0.02149703364107
    4.95495495495495    0.02154054990350
    4.96496496496496    0.02158406616593
    4.97497497497497    0.02162758242836
    4.98498498498498    0.02167109869079
    4.99499499499499    0.02171461495322
    5.00500500500501    0.02175813121565
    5.01501501501502    0.02180164747808
    5.02502502502503    0.02184516374052
    5.03503503503504    0.02188868000295
    5.04504504504505    0.02193219626538
    5.05505505505506    0.02197571252781
    5.06506506506507    0.02201922879024
    5.07507507507508    0.02206274505267
    5.08508508508509    0.02210626131510
    5.09509509509510    0.02214977757754
    5.10510510510511    0.02219329383997
    5.11511511511512    0.02223681010240
    5.12512512512513    0.02228032636483
    5.13513513513514    0.02232384262726
    5.14514514514515    0.02236735888969
    5.15515515515516    0.02241087515212
    5.16516516516517    0.02245439141455
    5.17517517517518    0.02249790767699
    5.18518518518519    0.02254142393942
    5.19519519519520    0.02258494020185
    5.20520520520521    0.02262845646428
    5.21521521521522    0.02267197272671
    5.22522522522523    0.02271548898914
    5.23523523523524    0.02275900525157
    5.24524524524525    0.02280252151400
    5.25525525525526    0.02284603777644
    5.26526526526527    0.02288955403887
    5.27527527527528    0.02293307030130
    5.28528528528529    0.02297658656373
    5.29529529529530    0.02302010282616
    5.30530530530531    0.02306361908859
    5.31531531531532    0.02310713535102
    5.32532532532533    0.02315065161346
    5.33533533533534    0.02319416787589
    5.34534534534535    0.02323768413832
    5.35535535535536    0.02328120040075
    5.36536536536537    0.02332471666318
    5.37537537537538    0.02336823292561
    5.38538538538539    0.02341174918804
    5.39539539539540    0.02345526545047
    5.40540540540541    0.02349878171291
    5.41541541541542    0.02354229797534
    5.42542542542543    0.02358581423777
    5.43543543543544    0.02362933050020
    5.44544544544545    0.02367284676263
    5.45545545545546    0.02371636302506
    5.46546546546547    0.02375987928749
    5.47547547547548    0.02380339554992
    5.48548548548549    0.02384691181236
    5.49549549549550    0.02389042807479
    5.50550550550551    0.02393394433722
    5.51551551551552    0.02397746059965
    5.52552552552553    0.02402097686208
    5.53553553553554    0.02406449312451
    5.54554554554555    0.02410800938694
    5.55555555555556    0.02415152564937
    5.56556556556557    0.02419504191181
    5.57557557557558    0.02423855817424
    5.58558558558559    0.02428207443667
    5.59559559559560    0.02432559069910
    5.60560560560561    0.02436910696153
    5.61561561561562    0.02441262322396
    5.62562562562563    0.02445613948639
    5.63563563563564    0.02449965574883
    5.64564564564565    0.02454317201126
    5.65565565565566    0.02458668827369
    5.66566566566567    0.02463020453612
    5.67567567567568    0.02467372079855
    5.68568568568569    0.02471723706098
    5.69569569569570    0.02476075332341
    5.70570570570571    0.02480426958584
    5.71571571571572    0.02484778584828
    5.72572572572573    0.02489130211071
    5.73573573573574    0.02493481837314
    5.74574574574575    0.02497833463557
    5.75575575575576    0.02502185089800
    5.76576576576577    0.02506536716043
    5.77577577577578    0.02510888342286
    5.78578578578579    0.02515239968529
    5.79579579579580    0.02519591594773
    5.80580580580581    0.02523943221016
    5.81581581581582    0.02528294847259
    5.82582582582583    0.02532646473502
    5.83583583583584    0.02536998099745
    5.84584584584585    0.02541349725988
    5.85585585585586    0.02545701352231
    5.86586586586587    0.02550052978474
    5.87587587587588    0.02554404604718
    5.88588588588589    0.02558756230961
    5.89589589589590    0.02563107857204
    5.90590590590591    0.02567459483447
    5.91591591591592    0.02571811109690
    5.92592592592593    0.02576162735933
    5.93593593593594    0.02580514362176
    5.94594594594595    0.02584865988420
    5.95595595595596    0.02589217614663
    5.96596596596597    0.02593569240906
    5.97597597597598    0.02597920867149
    5.98598598598599    0.02602272493392
    5.99599599599600    0.02606624119635
    6.00600600600601    0.02610975745878
    6.01601601601602    0.02615327372121
    6.02602602602603    0.02619678998365
    6.03603603603604    0.02624030624608
    6.04604604604605    0.02628382250851
    6.05605605605606    0.02632733877094
    6.06606606606607    0.02637085503337
    6.07607607607608    0.02641437129580
    6.08608608608609    0.02645788755823
    6.09609609609610    0.02650140382066
    6.10610610610611    0.02654492008310
    6.11611611611612    0.02658843634553
    6.12612612612613    0.02663195260796
    6.13613613613614    0.02667546887039
    6.14614614614615    0.02671898513282
    6.15615615615616    0.02676250139525
    6.16616616616617    0.02680601765768
    6.17617617617618    0.02684953392011
    6.18618618618619    0.02689305018255
    6.19619619619620    0.02693656644498
    6.20620620620621    0.02698008270741
    6.21621621621622    0.02702359896984
    6.22622622622623    0.02706711523227
    6.23623623623624    0.02711063149470
    6.24624624624625    0.02715414775713
    6.25625625625626    0.02719766401957
    6.26626626626627    0.02724118028200
    6.27627627627628    0.02728469654443
    6.28628628628629    0.02732821280686
    6.29629629629630    0.02737172906929
    6.30630630630631    0.02741524533172
    6.31631631631632    0.02745876159415
    6.32632632632633    0.02750227785658
    6.33633633633634    0.02754579411902
    6.34634634634635    0.02758931038145
    6.35635635635636    0.02763282664388
    6.36636636636637    0.02767634290631
    6.37637637637638    0.02771985916874
    6.38638638638639    0.02776337543117
    6.39639639639640    0.02780689169360
    6.40640640640641    0.02785040795603
    6.41641641641642    0.02789392421847
    6.42642642642643    0.02793744048090
    6.43643643643644    0.02798095674333
    6.44644644644645    0.02802447300576
    6.45645645645646    0.02806798926819
    6.46646646646647    0.02811150553062
    6.47647647647648    0.02815502179305
    6.48648648648649    0.02819853805549
    6.49649649649650    0.02824205431792
    6.50650650650651    0.02828557058035
    6.51651651651652    0.02832908684278
    6.52652652652653    0.02837260310521
    6.53653653653654    0.02841611936764
    6.54654654654655    0.02845963563007
    6.55655655655656    0.02850315189250
    6.56656656656657    0.02854666815494
    6.57657657657658    0.02859018441737
    6.58658658658659    0.02863370067980
    6.59659659659660    0.02867721694223
    6.60660660660661    0.02872073320466
    6.61661661661662    0.02876424946709
    6.62662662662663    0.02880776572952
    6.63663663663664    0.02885128199195
    6.64664664664665    0.02889479825439
    6.65665665665666    0.02893831451682
    6.66666666666667    0.02898183077925
    6.67667667667668    0.02902534704168
    6.68668668668669    0.02906886330411
    6.69669669669670    0.02911237956654
    6.70670670670671    0.02915589582897
    6.71671671671672    0.02919941209140
    6.72672672672673    0.02924292835384
    6.73673673673674    0.02928644461627
    6.74674674674675    0.02932996087870
    6.75675675675676    0.02937347714113
    6.76676676676677    0.02941699340356
    6.77677677677678    0.02946050966599
    6.78678678678679    0.02950402592842
    6.79679679679680    0.02954754219085
    6.80680680680681    0.02959105845329
    6.81681681681682    0.02963457471572
    6.82682682682683    0.02967809097815
    6.83683683683684    0.02972160724058
    6.84684684684685    0.02976512350301
    6.85685685685686    0.02980863976544
    6.86686686686687    0.02985215602787
    6.87687687687688    0.02989567229030
    6.88688688688689    0.02993918855274
    6.89689689689690    0.02998270481517
    6.90690690690691    0.03002622107760
    6.91691691691692    0.03006973734003
    6.92692692692693    0.03011325360246
    6.93693693693694    0.03015676986489
    6.94694694694695    0.03020028612732
    6.95695695695696    0.03024380238976
    6.96696696696697    0.03028731865219
    6.97697697697698    0.03033083491462
    6.98698698698699    0.03037435117705
    6.99699699699700    0.03041786743948
    7.00700700700701    0.03046138370191
    7.01701701701702    0.03050489996434
    7.02702702702703    0.03054841622677
    7.03703703703704    0.03059193248921
    7.04704704704705    0.03063544875164
    7.05705705705706    0.03067896501407
    7.06706706706707    0.03072248127650
    7.07707707707708    0.03076599753893
    7.08708708708709    0.03080951380136
    7.09709709709710    0.03085303006379
    7.10710710710711    0.03089654632622
    7.11711711711712    0.03094006258866
    7.12712712712713    0.03098357885109
    7.13713713713714    0.03102709511352
    7.14714714714715    0.03107061137595
    7.15715715715716    0.03111412763838
    7.16716716716717    0.03115764390081
    7.17717717717718    0.03120116016324
    7.18718718718719    0.03124467642567
    7.19719719719720    0.03128819268811
    7.20720720720721    0.03133170895054
    7.21721721721722    0.03137522521297
    7.22722722722723    0.03141874147540
    7.23723723723724    0.03146225773783
    7.24724724724725    0.03150577400026
    7.25725725725726    0.03154929026269
    7.26726726726727    0.03159280652512
    7.27727727727728    0.03163632278756
    7.28728728728729    0.03167983904999
    7.29729729729730    0.03172335531242
    7.30730730730731    0.03176687157485
    7.31731731731732    0.03181038783728
    7.32732732732733    0.03185390409971
    7.33733733733734    0.03189742036214
    7.34734734734735    0.03194093662457
    7.35735735735736    0.03198445288701
    7.36736736736737    0.03202796914944
    7.37737737737738    0.03207148541187
    7.38738738738739    0.03211500167430
    7.39739739739740    0.03215851793673
    7.40740740740741    0.03220203419916
    7.41741741741742    0.03224555046159
    7.42742742742743    0.03228906672402
    7.43743743743744    0.03233258298646
    7.44744744744745    0.03237609924889
    7.45745745745746    0.03241961551132
    7.46746746746747    0.03246313177375
    7.47747747747748    0.03250664803618
    7.48748748748749    0.03255016429861
    7.49749749749750    0.03259368056104
    7.50750750750751    0.03263719682347
    7.51751751751752    0.03268071308591
    7.52752752752753    0.03272422934834
    7.53753753753754    0.03276774561077
    7.54754754754755    0.03281126187320
    7.55755755755756    0.03285477813563
    7.56756756756757    0.03289829439806
    7.57757757757758    0.03294181066049
    7.58758758758759    0.03298532692292
    7.59759759759760    0.03302884318536
    7.60760760760761    0.03307235944779
    7.61761761761762    0.03311587571022
    7.62762762762763    0.03315939197265
    7.63763763763764    0.03320290823508
    7.64764764764765    0.03324642449751
    7.65765765765766    0.03328994075994
    7.66766766766767    0.03333345702237
    7.67767767767768    0.03337697328481
    7.68768768768769    0.03342048954724
    7.69769769769770    0.03346400580967
    7.70770770770771    0.03350752207210
    7.71771771771772    0.03355103833453
    7.72772772772773    0.03359455459696
    7.73773773773774    0.03363807085939
    7.74774774774775    0.03368158712182
    7.75775775775776    0.03372510338426
    7.76776776776777    0.03376861964669
    7.77777777777778    0.03381213590912
    7.78778778778779    0.03385565217155
    7.79779779779780    0.03389916843398
    7.80780780780781    0.03394268469641
    7.81781781781782    0.03398620095884
    7.82782782782783    0.03402971722127
    7.83783783783784    0.03407323348371
    7.84784784784785    0.03411674974614
    7.85785785785786    0.03416026600857
    7.86786786786787    0.03420378227100
    7.87787787787788    0.03424729853343
    7.88788788788789    0.03429081479586
    7.89789789789790    0.03433433105829
    7.90790790790791    0.03437784732072
    7.91791791791792    0.03442136358316
    7.92792792792793    0.03446487984559
    7.93793793793794    0.03450839610802
    7.94794794794795    0.03455191237045
    7.95795795795796    0.03459542863288
    7.96796796796797    0.03463894489531
    7.97797797797798    0.03468246115774
    7.98798798798799    0.03472597742017
    7.99799799799800    0.03476949368261
    8.00800800800801    0.03481300994504
    8.01801801801802    0.03485652620747
    8.02802802802803    0.03490004246990
    8.03803803803804    0.03494355873233
    8.04804804804805    0.03498707499476
    8.05805805805806    0.03503059125719
    8.06806806806807    0.03507410751962
    8.07807807807808    0.03511762378206
    8.08808808808809    0.03516114004449
    8.09809809809810    0.03520465630692
    8.10810810810811    0.03524817256935
    8.11811811811812    0.03529168883178
    8.12812812812813    0.03533520509421
    8.13813813813814    0.03537872135664
    8.14814814814815    0.03542223761907
    8.15815815815816    0.03546575388151
    8.16816816816817    0.03550927014394
    8.17817817817818    0.03555278640637
    8.18818818818819    0.03559630266880
    8.19819819819820    0.03563981893123
    8.20820820820821    0.03568333519366
    8.21821821821822    0.03572685145609
    8.22822822822823    0.03577036771852
    8.23823823823824    0.03581388398096
    8.24824824824825    0.03585740024339
    8.25825825825826    0.03590091650582
    8.26826826826827    0.03594443276825
    8.27827827827828    0.03598794903068
    8.28828828828829    0.03603146529311
    8.29829829829830    0.03607498155554
    8.30830830830831    0.03611849781797
    8.31831831831832    0.03616201408041
    8.32832832832833    0.03620553034284
    8.33833833833834    0.03624904660527
    8.34834834834835    0.03629256286770
    8.35835835835836    0.03633607913013
    8.36836836836837    0.03637959539256
    8.37837837837838    0.03642311165499
    8.38838838838839    0.03646662791742
    8.39839839839840    0.03651014417986
    8.40840840840841    0.03655366044229
    8.41841841841842    0.03659717670472
    8.42842842842843    0.03664069296715
    8.43843843843844    0.03668420922958
    8.44844844844845    0.03672772549201
    8.45845845845846    0.03677124175444
    8.46846846846847    0.03681475801687
    8.47847847847848    0.03685827427931
    8.48848848848849    0.03690179054174
    8.49849849849850    0.03694530680417
    8.50850850850851    0.03698882306660
    8.51851851851852    0.03703233932903
    8.52852852852853    0.03707585559146
    8.53853853853854    0.03711937185389
    8.54854854854855    0.03716288811633
    8.55855855855856    0.03720640437876
    8.56856856856857    0.03724992064119
    8.57857857857858    0.03729343690362
    8.58858858858859    0.03733695316605
    8.59859859859860    0.03738046942848
    8.60860860860861    0.03742398569091
    8.61861861861862    0.03746750195334
    8.62862862862863    0.03751101821578
    8.63863863863864    0.03755453447821
    8.64864864864865    0.03759805074064
    8.65865865865866    0.03764156700307
    8.66866866866867    0.03768508326550
    8.67867867867868    0.03772859952793
    8.68868868868869    0.03777211579036
    8.69869869869870    0.03781563205279
    8.70870870870871    0.03785914831523
    8.71871871871872    0.03790266457766
    8.72872872872873    0.03794618084009
    8.73873873873874    0.03798969710252
    8.74874874874875    0.03803321336495
    8.75875875875876    0.03807672962738
    8.76876876876877    0.03812024588981
    8.77877877877878    0.03816376215224
    8.78878878878879    0.03820727841468
    8.79879879879880    0.03825079467711
    8.80880880880881    0.03829431093954
    8.81881881881882    0.03833782720197
    8.82882882882883    0.03838134346440
    8.83883883883884    0.03842485972683
    8.84884884884885    0.03846837598926
    8.85885885885886    0.03851189225169
    8.86886886886887    0.03855540851413
    8.87887887887888    0.03859892477656
    8.88888888888889    0.03864244103899
    8.89889889889890    0.03868595730142
    8.90890890890891    0.03872947356385
    8.91891891891892    0.03877298982628
    8.92892892892893    0.03881650608871
    8.93893893893894    0.03886002235114
    8.94894894894895    0.03890353861358
    8.95895895895896    0.03894705487601
    8.96896896896897    0.03899057113844
    8.97897897897898    0.03903408740087
    8.98898898898899    0.03907760366330
    8.99899899899900    0.03912111992573
    9.00900900900901    0.03916463618816
    9.01901901901902    0.03920815245059
    9.02902902902903    0.03925166871303
    9.03903903903904    0.03929518497546
    9.04904904904905    0.03933870123789
    9.05905905905906    0.03938221750032
    9.06906906906907    0.03942573376275
    9.07907907907908    0.03946925002518
    9.08908908908909    0.03951276628761
    9.09909909909910    0.03955628255004
    9.10910910910911    0.03959979881248
    9.11911911911912    0.03964331507491
    9.12912912912913    0.03968683133734
    9.13913913913914    0.03973034759977
    9.14914914914915    0.03977386386220
    9.15915915915916    0.03981738012463
    9.16916916916917    0.03986089638706
    9.17917917917918    0.03990441264950
    9.18918918918919    0.03994792891193
    9.19919919919920    0.03999144517436
    9.20920920920921    0.04003496143679
    9.21921921921922    0.04007847769922
    9.22922922922923    0.04012199396165
    9.23923923923924    0.04016551022408
    9.24924924924925    0.04020902648651
    9.25925925925926    0.04025254274895
    9.26926926926927    0.04029605901138
    9.27927927927928    0.04033957527381
    9.28928928928929    0.04038309153624
    9.29929929929930    0.04042660779867
    9.30930930930931    0.04047012406110
    9.31931931931932    0.04051364032353
    9.32932932932933    0.04055715658596
    9.33933933933934    0.04060067284840
    9.34934934934935    0.04064418911083
    9.35935935935936    0.04068770537326
    9.36936936936937    0.04073122163569
    9.37937937937938    0.04077473789812
    9.38938938938939    0.04081825416055
    9.39939939939940    0.04086177042298
    9.40940940940941    0.04090528668541
    9.41941941941942    0.04094880294785
    9.42942942942943    0.04099231921028
    9.43943943943944    0.04103583547271
    9.44944944944945    0.04107935173514
    9.45945945945946    0.04112286799757
    9.46946946946947    0.04116638426000
    9.47947947947948    0.04120990052243
    9.48948948948949    0.04125341678486
    9.49949949949950    0.04129693304730
    9.50950950950951    0.04134044930973
    9.51951951951952    0.04138396557216
    9.52952952952953    0.04142748183459
    9.53953953953954    0.04147099809702
    9.54954954954955    0.04151451435945
    9.55955955955956    0.04155803062188
    9.56956956956957    0.04160154688432
    9.57957957957958    0.04164506314675
    9.58958958958959    0.04168857940918
    9.59959959959960    0.04173209567161
    9.60960960960961    0.04177561193404
    9.61961961961962    0.04181912819647
    9.62962962962963    0.04186264445890
    9.63963963963964    0.04190616072133
    9.64964964964965    0.04194967698377
    9.65965965965966    0.04199319324620
    9.66966966966967    0.04203670950863
    9.67967967967968    0.04208022577106
    9.68968968968969    0.04212374203349
    9.69969969969970    0.04216725829592
    9.70970970970971    0.04221077455835
    9.71971971971972    0.04225429082078
    9.72972972972973    0.04229780708322
    9.73973973973974    0.04234132334565
    9.74974974974975    0.04238483960808
    9.75975975975976    0.04242835587051
    9.76976976976977    0.04247187213294
    9.77977977977978    0.04251538839537
    9.78978978978979    0.04255890465780
    9.79979979979980    0.04260242092023
    9.80980980980981    0.04264593718267
    9.81981981981982    0.04268945344510
    9.82982982982983    0.04273296970753
    9.83983983983984    0.04277648596996
    9.84984984984985    0.04282000223239
    9.85985985985986    0.04286351849482
    9.86986986986987    0.04290703475725
    9.87987987987988    0.04295055101968
    9.88988988988989    0.04299406728212
    9.89989989989990    0.04303758354455
    9.90990990990991    0.04308109980698
    9.91991991991992    0.04312461606941
    9.92992992992993    0.04316813233184
    9.93993993993994    0.04321164859427
    9.94994994994995    0.04325516485670
    9.95995995995996    0.04329868111913
    9.96996996996997    0.04334219738157
    9.97997997997998    0.04338571364400
    9.98998998998999    0.04342922990643
   10.00000000000000    0.04347274616886
