      0.002000000000     -0.065924866920
      0.004000000000     -0.131848452575
      0.006000000000     -0.197769475697
      0.008000000000     -0.263686655022
      0.010000000000     -0.329598709283
      0.012000000000     -0.395504357215
      0.014000000000     -0.461402317551
      0.016000000000     -0.527291309026
      0.018000000000     -0.593170050373
      0.020000000000     -0.659037260328
      0.022000000000     -0.724891657623
      0.024000000000     -0.790731960993
      0.026000000000     -0.856556889173
      0.028000000000     -0.922365160895
      0.030000000000     -0.988155494895
      0.032000000000     -1.053926609906
      0.034000000000     -1.119677224663
      0.036000000000     -1.185406057899
      0.038000000000     -1.251111828349
      0.040000000000     -1.316793254746
      0.042000000000     -1.382449055826
      0.044000000000     -1.448077950321
      0.046000000000     -1.513678656966
      0.048000000000     -1.579249894495
      0.050000000000     -1.644790381643
      0.052000000000     -1.710298837143
      0.054000000000     -1.775773979729
      0.056000000000     -1.841214528135
      0.058000000000     -1.906619201096
      0.060000000000     -1.971986717346
      0.062000000000     -2.037315795619
      0.064000000000     -2.102605154648
      0.066000000000     -2.167853513168
      0.068000000000     -2.233059589913
      0.070000000000     -2.298222103617
      0.072000000000     -2.363339773015
      0.074000000000     -2.428411316839
      0.076000000000     -2.493435453825
      0.078000000000     -2.558410902707
      0.080000000000     -2.623336382218
      0.082000000000     -2.688210611092
      0.084000000000     -2.753032308065
      0.086000000000     -2.817800191869
      0.088000000000     -2.882512981239
      0.090000000000     -2.947169394909
      0.092000000000     -3.011768151613
      0.094000000000     -3.076307970085
      0.096000000000     -3.140787569060
      0.098000000000     -3.205205667271
      0.100000000000     -3.269560983452
      0.102000000000     -3.333852236338
      0.104000000000     -3.398078144663
      0.106000000000     -3.462237427160
      0.108000000000     -3.526328802564
      0.110000000000     -3.590350989609
      0.112000000000     -3.654302707029
      0.114000000000     -3.718182673558
      0.116000000000     -3.781989607930
      0.118000000000     -3.845722228879
      0.120000000000     -3.909379255140
      0.122000000000     -3.972959405446
      0.124000000000     -4.036461398532
      0.126000000000     -4.099883953131
      0.128000000000     -4.163225787978
      0.130000000000     -4.226485621807
      0.132000000000     -4.289662173352
      0.134000000000     -4.352754161347
      0.136000000000     -4.415760304525
      0.138000000000     -4.478679321622
      0.140000000000     -4.541509931372
      0.142000000000     -4.604250852507
      0.144000000000     -4.666900803763
      0.146000000000     -4.729458503874
      0.148000000000     -4.791922671573
      0.150000000000     -4.854292025595
      0.152000000000     -4.916565284674
      0.154000000000     -4.978741167543
      0.156000000000     -5.040818392938
      0.158000000000     -5.102795679591
      0.160000000000     -5.164671746238
      0.162000000000     -5.226445311612
      0.164000000000     -5.288115094447
      0.166000000000     -5.349679813478
      0.168000000000     -5.411138187439
      0.170000000000     -5.472488935063
      0.172000000000     -5.533730775084
      0.174000000000     -5.594862426238
      0.176000000000     -5.655882607257
      0.178000000000     -5.716790036876
      0.180000000000     -5.777583433830
      0.182000000000     -5.838261516851
      0.184000000000     -5.898823004675
      0.186000000000     -5.959266616035
      0.188000000000     -6.019591069666
      0.190000000000     -6.079795084301
      0.192000000000     -6.139877378674
      0.194000000000     -6.199836671521
      0.196000000000     -6.259671681574
      0.198000000000     -6.319381127568
      0.200000000000     -6.378963728237
      0.202000000000     -6.438418202315
      0.204000000000     -6.497743268537
      0.206000000000     -6.556937645635
      0.208000000000     -6.616000052345
      0.210000000000     -6.674929207400
      0.212000000000     -6.733723829535
      0.214000000000     -6.792382637484
      0.216000000000     -6.850904349980
      0.218000000000     -6.909287685758
      0.220000000000     -6.967531363551
      0.222000000000     -7.025634102095
      0.224000000000     -7.083594620123
      0.226000000000     -7.141411636369
      0.228000000000     -7.199083869567
      0.230000000000     -7.256610038452
      0.232000000000     -7.313988861757
      0.234000000000     -7.371219058216
      0.236000000000     -7.428299346564
      0.238000000000     -7.485228445535
      0.240000000000     -7.542005073863
      0.242000000000     -7.598627950281
      0.244000000000     -7.655095793525
      0.246000000000     -7.711407322327
      0.248000000000     -7.767561255423
      0.250000000000     -7.823556311546
      0.252000000000     -7.879391209430
      0.254000000000     -7.935064667810
      0.256000000000     -7.990575405419
      0.258000000000     -8.045922140992
      0.260000000000     -8.101103593262
      0.262000000000     -8.156118480965
      0.264000000000     -8.210965522833
      0.266000000000     -8.265643437601
      0.268000000000     -8.320150944003
      0.270000000000     -8.374486760773
      0.272000000000     -8.428649606646
      0.274000000000     -8.482638200355
      0.276000000000     -8.536451260634
      0.278000000000     -8.590087506218
      0.280000000000     -8.643545655840
      0.282000000000     -8.696824428235
      0.284000000000     -8.749922542137
      0.286000000000     -8.802838716280
      0.288000000000     -8.855571669398
      0.290000000000     -8.908120120225
      0.292000000000     -8.960482787495
      0.294000000000     -9.012658389942
      0.296000000000     -9.064645646300
      0.298000000000     -9.116443275304
      0.300000000000     -9.168049995688
      0.302000000000     -9.219464526185
      0.304000000000     -9.270685585529
      0.306000000000     -9.321711892456
      0.308000000000     -9.372542165698
      0.310000000000     -9.423175123991
      0.312000000000     -9.473609486067
      0.314000000000     -9.523843970661
      0.316000000000     -9.573877296508
      0.318000000000     -9.623708182341
      0.320000000000     -9.673335346895
      0.322000000000     -9.722757508903
      0.324000000000     -9.771973387099
      0.326000000000     -9.820981700219
      0.328000000000     -9.869781166995
      0.330000000000     -9.918370506162
      0.332000000000     -9.966748436454
      0.334000000000    -10.014913676605
      0.336000000000    -10.062864945349
      0.338000000000    -10.110600961420
      0.340000000000    -10.158120443553
      0.342000000000    -10.205422110481
      0.344000000000    -10.252504680938
      0.346000000000    -10.299366873659
      0.348000000000    -10.346007407378
      0.350000000000    -10.392425000829
      0.352000000000    -10.438618372745
      0.354000000000    -10.484586241862
      0.356000000000    -10.530327326912
      0.358000000000    -10.575840346631
      0.360000000000    -10.621124019752
      0.362000000000    -10.666177065009
      0.364000000000    -10.710998201136
      0.366000000000    -10.755586146868
      0.368000000000    -10.799939620939
      0.370000000000    -10.844057342083
      0.372000000000    -10.887938029033
      0.374000000000    -10.931580400524
      0.376000000000    -10.974983175290
      0.378000000000    -11.018145072065
      0.380000000000    -11.061064809583
      0.382000000000    -11.103741106578
      0.384000000000    -11.146172681785
      0.386000000000    -11.188358253937
      0.388000000000    -11.230296541768
      0.390000000000    -11.271986264013
      0.392000000000    -11.313426139406
      0.394000000000    -11.354614886681
      0.396000000000    -11.395551224571
      0.398000000000    -11.436233871812
      0.400000000000    -11.476661547136
      0.402000000000    -11.516832969279
      0.404000000000    -11.556746856974
      0.406000000000    -11.596401928955
      0.408000000000    -11.635796903956
      0.410000000000    -11.674930500712
      0.412000000000    -11.713801437957
      0.414000000000    -11.752408434424
      0.416000000000    -11.790750208848
      0.418000000000    -11.828825479963
      0.420000000000    -11.866632966503
      0.422000000000    -11.904171387202
      0.424000000000    -11.941439460794
      0.426000000000    -11.978435906013
      0.428000000000    -12.015159441594
      0.430000000000    -12.051608786270
      0.432000000000    -12.087782658775
      0.434000000000    -12.123679777844
      0.436000000000    -12.159298862211
      0.438000000000    -12.194638630609
      0.440000000000    -12.229697801774
      0.442000000000    -12.264475094438
      0.444000000000    -12.298969227336
      0.446000000000    -12.333178919203
      0.448000000000    -12.367102888771
      0.450000000000    -12.400739854776
      0.452000000000    -12.434088535952
      0.454000000000    -12.467147651031
      0.456000000000    -12.499915918750
      0.458000000000    -12.532392057841
      0.460000000000    -12.564574787039
      0.462000000000    -12.596462825077
      0.464000000000    -12.628054890691
      0.466000000000    -12.659349702614
      0.468000000000    -12.690345979580
      0.470000000000    -12.721042440323
      0.472000000000    -12.751437803577
      0.474000000000    -12.781530788077
      0.476000000000    -12.811320112556
      0.478000000000    -12.840804495749
      0.480000000000    -12.869982656389
      0.482000000000    -12.898853313211
      0.484000000000    -12.927415184949
      0.486000000000    -12.955666990338
      0.488000000000    -12.983607448110
      0.490000000000    -13.011235277000
      0.492000000000    -13.038549195742
      0.494000000000    -13.065547923071
      0.496000000000    -13.092230177720
      0.498000000000    -13.118594678423
      0.500000000000    -13.144640143916
      0.502000000000    -13.170365797504
      0.504000000000    -13.195772880788
      0.506000000000    -13.220863139944
      0.508000000000    -13.245638321145
      0.510000000000    -13.270100170564
      0.512000000000    -13.294250434377
      0.514000000000    -13.318090858756
      0.516000000000    -13.341623189877
      0.518000000000    -13.364849173912
      0.520000000000    -13.387770557037
      0.522000000000    -13.410389085426
      0.524000000000    -13.432706505252
      0.526000000000    -13.454724562689
      0.528000000000    -13.476445003912
      0.530000000000    -13.497869575094
      0.532000000000    -13.519000022410
      0.534000000000    -13.539838092033
      0.536000000000    -13.560385530139
      0.538000000000    -13.580644082900
      0.540000000000    -13.600615496491
      0.542000000000    -13.620301517086
      0.544000000000    -13.639703890860
      0.546000000000    -13.658824363985
      0.548000000000    -13.677664682636
      0.550000000000    -13.696226592988
      0.552000000000    -13.714511841214
      0.554000000000    -13.732522173488
      0.556000000000    -13.750259335985
      0.558000000000    -13.767725074878
      0.560000000000    -13.784921136342
      0.562000000000    -13.801849266551
      0.564000000000    -13.818511211678
      0.566000000000    -13.834908717898
      0.568000000000    -13.851043531385
      0.570000000000    -13.866917398312
      0.572000000000    -13.882532064855
      0.574000000000    -13.897889277186
      0.576000000000    -13.912990781481
      0.578000000000    -13.927838323913
      0.580000000000    -13.942433650656
      0.582000000000    -13.956778507884
      0.584000000000    -13.970874641772
      0.586000000000    -13.984723798493
      0.588000000000    -13.998327724221
      0.590000000000    -14.011688165132
      0.592000000000    -14.024806867397
      0.594000000000    -14.037685577193
      0.596000000000    -14.050326040692
      0.598000000000    -14.062730004069
      0.600000000000    -14.074899213497
      0.602000000000    -14.086835415152
      0.604000000000    -14.098540355207
      0.606000000000    -14.110015779835
      0.608000000000    -14.121263435212
      0.610000000000    -14.132285067511
      0.612000000000    -14.143082422907
      0.614000000000    -14.153657247572
      0.616000000000    -14.164011287682
      0.618000000000    -14.174146289411
      0.620000000000    -14.184063998932
      0.622000000000    -14.193766162420
      0.624000000000    -14.203254526048
      0.626000000000    -14.212530835991
      0.628000000000    -14.221596838423
      0.630000000000    -14.230454279517
      0.632000000000    -14.239104905449
      0.634000000000    -14.247550462391
      0.636000000000    -14.255792696519
      0.638000000000    -14.263833354005
      0.640000000000    -14.271674181025
      0.642000000000    -14.279316923752
      0.644000000000    -14.286763328360
      0.646000000000    -14.294015141024
      0.648000000000    -14.301074107917
      0.650000000000    -14.307941975214
      0.652000000000    -14.314620489088
      0.654000000000    -14.321111395714
      0.656000000000    -14.327416441266
      0.658000000000    -14.333537371917
      0.660000000000    -14.339475933842
      0.662000000000    -14.345233873215
      0.664000000000    -14.350812936210
      0.666000000000    -14.356214869001
      0.668000000000    -14.361441417762
      0.670000000000    -14.366494328667
      0.672000000000    -14.371375347891
      0.674000000000    -14.376086221607
      0.676000000000    -14.380628695989
      0.678000000000    -14.385004517211
      0.680000000000    -14.389215431448
      0.682000000000    -14.393263184874
      0.684000000000    -14.397149523662
      0.686000000000    -14.400876193987
      0.688000000000    -14.404444942022
      0.690000000000    -14.407857513943
      0.692000000000    -14.411115655922
      0.694000000000    -14.414221114134
      0.696000000000    -14.417175634753
      0.698000000000    -14.419980963954
      0.700000000000    -14.422638847909
      0.702000000000    -14.425151032793
      0.704000000000    -14.427519264781
      0.706000000000    -14.429745290047
      0.708000000000    -14.431830854763
      0.710000000000    -14.433777705105
      0.712000000000    -14.435587587247
      0.714000000000    -14.437262247362
      0.716000000000    -14.438803431625
      0.718000000000    -14.440212886209
      0.720000000000    -14.441492357289
      0.722000000000    -14.442643591040
      0.724000000000    -14.443668333634
      0.726000000000    -14.444568331246
      0.728000000000    -14.445345330050
      0.730000000000    -14.446001076220
      0.732000000000    -14.446537315930
      0.734000000000    -14.446955795355
      0.736000000000    -14.447258260668
      0.738000000000    -14.447446458043
      0.740000000000    -14.447522133655
      0.742000000000    -14.447487033677
      0.744000000000    -14.447342904284
      0.746000000000    -14.447091491650
      0.748000000000    -14.446734541948
      0.750000000000    -14.446273801353
      0.752000000000    -14.445711016039
      0.754000000000    -14.445047932179
      0.756000000000    -14.444286295949
      0.758000000000    -14.443427853522
      0.760000000000    -14.442474351071
      0.762000000000    -14.441427534772
      0.764000000000    -14.440289150798
      0.766000000000    -14.439060945324
      0.768000000000    -14.437744664523
      0.770000000000    -14.436342054569
      0.772000000000    -14.434854861636
      0.774000000000    -14.433284831900
      0.776000000000    -14.431633711533
      0.778000000000    -14.429903246709
      0.780000000000    -14.428095183603
      0.782000000000    -14.426211268389
      0.784000000000    -14.424253247241
      0.786000000000    -14.422222866333
      0.788000000000    -14.420121871839
      0.790000000000    -14.417952009933
      0.792000000000    -14.415715026789
      0.794000000000    -14.413412668582
      0.796000000000    -14.411046681484
      0.798000000000    -14.408618811671
      0.800000000000    -14.406130805317
      0.802000000000    -14.403584408594
      0.804000000000    -14.400981367679
      0.806000000000    -14.398323428744
      0.808000000000    -14.395612337963
      0.810000000000    -14.392849841511
      0.812000000000    -14.390037685563
      0.814000000000    -14.387177616291
      0.816000000000    -14.384271379869
      0.818000000000    -14.381320722473
      0.820000000000    -14.378327390276
      0.822000000000    -14.375293129452
      0.824000000000    -14.372219686175
      0.826000000000    -14.369108806620
      0.828000000000    -14.365962236960
      0.830000000000    -14.362781723369
      0.832000000000    -14.359569012021
      0.834000000000    -14.356325849092
      0.836000000000    -14.353053980753
      0.838000000000    -14.349755153181
      0.840000000000    -14.346431112548
      0.842000000000    -14.343083605028
      0.844000000000    -14.339714376797
      0.846000000000    -14.336325174028
      0.848000000000    -14.332917742894
      0.850000000000    -14.329493829571
      0.852000000000    -14.326055180231
      0.854000000000    -14.322603541050
      0.856000000000    -14.319140658201
      0.858000000000    -14.315668277859
      0.860000000000    -14.312188146196
      0.862000000000    -14.308702009388
      0.864000000000    -14.305211613609
      0.866000000000    -14.301718705032
      0.868000000000    -14.298225029832
      0.870000000000    -14.294732334182
      0.872000000000    -14.291242364258
      0.874000000000    -14.287756866232
      0.876000000000    -14.284277586279
      0.878000000000    -14.280806270573
      0.880000000000    -14.277344665287
      0.882000000000    -14.273894516597
      0.884000000000    -14.270457570676
      0.886000000000    -14.267035573699
      0.888000000000    -14.263630271838
      0.890000000000    -14.260243411269
      0.892000000000    -14.256876738166
      0.894000000000    -14.253531998701
      0.896000000000    -14.250210939051
      0.898000000000    -14.246915305388
      0.900000000000    -14.243646843886
      0.902000000000    -14.240407300721
      0.904000000000    -14.237198422065
      0.906000000000    -14.234021954093
      0.908000000000    -14.230879642979
      0.910000000000    -14.227773234897
      0.912000000000    -14.224704476021
      0.914000000000    -14.221675112525
      0.916000000000    -14.218686890583
      0.918000000000    -14.215741556370
      0.920000000000    -14.212840856058
      0.922000000000    -14.209986535824
      0.924000000000    -14.207180341839
      0.926000000000    -14.204424020280
      0.928000000000    -14.201719317318
      0.930000000000    -14.199067979130
      0.932000000000    -14.196471751888
      0.934000000000    -14.193932381767
      0.936000000000    -14.191451614941
      0.938000000000    -14.189031197583
      0.940000000000    -14.186672875869
      0.942000000000    -14.184378395972
      0.944000000000    -14.182149504065
      0.946000000000    -14.179987946324
      0.948000000000    -14.177895468923
      0.950000000000    -14.175873818034
      0.952000000000    -14.173924739833
      0.954000000000    -14.172049980493
      0.956000000000    -14.170251286189
      0.958000000000    -14.168530403094
      0.960000000000    -14.166889077383
      0.962000000000    -14.165329055230
      0.964000000000    -14.163852082808
      0.966000000000    -14.162459906293
      0.968000000000    -14.161154271857
      0.970000000000    -14.159936925675
      0.972000000000    -14.158809613921
      0.974000000000    -14.157774082769
      0.976000000000    -14.156832078393
      0.978000000000    -14.155985346968
      0.980000000000    -14.155235634667
      0.982000000000    -14.154584687664
      0.984000000000    -14.154034252133
      0.986000000000    -14.153586074249
      0.988000000000    -14.153241900186
      0.990000000000    -14.153003476117
      0.992000000000    -14.152872548217
      0.994000000000    -14.152850862660
      0.996000000000    -14.152940165619
      0.998000000000    -14.153142203269
      1.000000000000    -14.153458721785
      1.002000000000    -14.153890870621
      1.004000000000    -14.154437412365
      1.006000000000    -14.155096512884
      1.008000000000    -14.155866338046
      1.010000000000    -14.156745053720
      1.012000000000    -14.157730825773
      1.014000000000    -14.158821820074
      1.016000000000    -14.160016202490
      1.018000000000    -14.161312138891
      1.020000000000    -14.162707795143
      1.022000000000    -14.164201337116
      1.024000000000    -14.165790930677
      1.026000000000    -14.167474741694
      1.028000000000    -14.169250936035
      1.030000000000    -14.171117679569
      1.032000000000    -14.173073138164
      1.034000000000    -14.175115477688
      1.036000000000    -14.177242864008
      1.038000000000    -14.179453462993
      1.040000000000    -14.181745440512
      1.042000000000    -14.184116962431
      1.044000000000    -14.186566194620
      1.046000000000    -14.189091302947
      1.048000000000    -14.191690453279
      1.050000000000    -14.194361811484
      1.052000000000    -14.197103543432
      1.054000000000    -14.199913814989
      1.056000000000    -14.202790792024
      1.058000000000    -14.205732640405
      1.060000000000    -14.208737526001
      1.062000000000    -14.211803614679
      1.064000000000    -14.214929072307
      1.066000000000    -14.218112064753
      1.068000000000    -14.221350757887
      1.070000000000    -14.224643317575
      1.072000000000    -14.227987909686
      1.074000000000    -14.231382700088
      1.076000000000    -14.234825854649
      1.078000000000    -14.238315539237
      1.080000000000    -14.241849919721
      1.082000000000    -14.245427161967
      1.084000000000    -14.249045431846
      1.086000000000    -14.252702895224
      1.088000000000    -14.256397717970
      1.090000000000    -14.260128065951
      1.092000000000    -14.263892105037
      1.094000000000    -14.267688001095
      1.096000000000    -14.271513919993
      1.098000000000    -14.275368027599
      1.100000000000    -14.279248489781
      1.102000000000    -14.283153472408
      1.104000000000    -14.287081141348
      1.106000000000    -14.291029662468
      1.108000000000    -14.294997201638
      1.110000000000    -14.298981924724
      1.112000000000    -14.302981997595
      1.114000000000    -14.306995586120
      1.116000000000    -14.311020856165
      1.118000000000    -14.315055973601
      1.120000000000    -14.319099104293
      1.122000000000    -14.323148414112
      1.124000000000    -14.327202068924
      1.126000000000    -14.331258234597
      1.128000000000    -14.335315077001
      1.130000000000    -14.339370762003
      1.132000000000    -14.343423455471
      1.134000000000    -14.347471323273
      1.136000000000    -14.351512531278
      1.138000000000    -14.355545245353
      1.140000000000    -14.359567631367
      1.142000000000    -14.363577855187
      1.144000000000    -14.367574082683
      1.146000000000    -14.371554479721
      1.148000000000    -14.375517212170
      1.150000000000    -14.379460445899
      1.152000000000    -14.383382346775
      1.154000000000    -14.387281080666
      1.156000000000    -14.391154813440
      1.158000000000    -14.395001710967
      1.160000000000    -14.398819939113
      1.162000000000    -14.402607663746
      1.164000000000    -14.406363050736
      1.166000000000    -14.410084265950
      1.168000000000    -14.413769475256
      1.170000000000    -14.417416844522
      1.172000000000    -14.421024539616
      1.174000000000    -14.424590726407
      1.176000000000    -14.428113570763
      1.178000000000    -14.431591238551
      1.180000000000    -14.435021895640
      1.182000000000    -14.438403707898
      1.184000000000    -14.441734841194
      1.186000000000    -14.445013461394
      1.188000000000    -14.448237734367
      1.190000000000    -14.451405825982
      1.192000000000    -14.454515902106
      1.194000000000    -14.457566128608
      1.196000000000    -14.460554671356
      1.198000000000    -14.463479696217
      1.200000000000    -14.466339369061
      1.202000000000    -14.469131855754
      1.204000000000    -14.471855322166
      1.206000000000    -14.474507934163
      1.208000000000    -14.477087857616
      1.210000000000    -14.479593258390
      1.212000000000    -14.482022302355
      1.214000000000    -14.484373155379
      1.216000000000    -14.486643983330
      1.218000000000    -14.488832952075
      1.220000000000    -14.490938227484
      1.222000000000    -14.492957975424
      1.224000000000    -14.494890361763
      1.226000000000    -14.496733552369
      1.228000000000    -14.498485713111
      1.230000000000    -14.500145009856
      1.232000000000    -14.501709608473
      1.234000000000    -14.503177674830
      1.236000000000    -14.504547374795
      1.238000000000    -14.505816874236
      1.240000000000    -14.506984339020
      1.242000000000    -14.508047935018
      1.244000000000    -14.509005828095
      1.246000000000    -14.509856184121
      1.248000000000    -14.510597168963
      1.250000000000    -14.511226948491
      1.252000000000    -14.511743688570
      1.254000000000    -14.512145555071
      1.256000000000    -14.512430713861
      1.258000000000    -14.512597330808
      1.260000000000    -14.512643571780
      1.262000000000    -14.512567602646
      1.264000000000    -14.512367589273
      1.266000000000    -14.512041697529
      1.268000000000    -14.511588093283
      1.270000000000    -14.511004942403
      1.272000000000    -14.510290410757
      1.274000000000    -14.509442664213
      1.276000000000    -14.508459868639
      1.278000000000    -14.507340189903
      1.280000000000    -14.506081793874
      1.282000000000    -14.504682846419
      1.284000000000    -14.503141513406
      1.286000000000    -14.501455960705
      1.288000000000    -14.499624354181
      1.290000000000    -14.497644859705
      1.292000000000    -14.495515643144
      1.294000000000    -14.493234870366
      1.296000000000    -14.490800707239
      1.298000000000    -14.488211319632
      1.300000000000    -14.485464873412
      1.302000000000    -14.482559534447
      1.304000000000    -14.479493468606
      1.306000000000    -14.476264841757
      1.308000000000    -14.472871819768
      1.310000000000    -14.469312568506
      1.312000000000    -14.465585253841
      1.314000000000    -14.461688041640
      1.316000000000    -14.457619097772
      1.318000000000    -14.453376588103
      1.320000000000    -14.448958678504
      1.322000000000    -14.444363534841
      1.324000000000    -14.439589322982
      1.326000000000    -14.434634208797
      1.328000000000    -14.429496358152
      1.330000000000    -14.424173936917
      1.332000000000    -14.418665110959
      1.334000000000    -14.412968046146
      1.336000000000    -14.407080908347
      1.338000000000    -14.401001863429
      1.340000000000    -14.394729077260
      1.342000000000    -14.388260715710
      1.344000000000    -14.381594944645
      1.346000000000    -14.374729929934
      1.348000000000    -14.367663837446
      1.350000000000    -14.360394833047
      1.352000000000    -14.352921082607
      1.354000000000    -14.345240751994
      1.356000000000    -14.337352007074
      1.358000000000    -14.329253013718
      1.360000000000    -14.320941937792
      1.362000000000    -14.312416945165
      1.364000000000    -14.303676201705
      1.366000000000    -14.294717873280
      1.368000000000    -14.285540125758
      1.370000000000    -14.276141125008
      1.372000000000    -14.266519036897
      1.374000000000    -14.256672027293
      1.376000000000    -14.246598262066
      1.378000000000    -14.236295907081
      1.380000000000    -14.225763128209
      1.382000000000    -14.214998091317
      1.384000000000    -14.203998962272
      1.386000000000    -14.192763906944
      1.388000000000    -14.181291091200
      1.390000000000    -14.169578680909
      1.392000000000    -14.157624841938
      1.394000000000    -14.145427740156
      1.396000000000    -14.132985541430
      1.398000000000    -14.120296411629
      1.400000000000    -14.107358516622
      1.402000000000    -14.094170022275
      1.404000000000    -14.080729094457
      1.406000000000    -14.067033899037
      1.408000000000    -14.053082601882
      1.410000000000    -14.038873368861
      1.412000000000    -14.024404365841
      1.414000000000    -14.009673758691
      1.416000000000    -13.994679713279
      1.418000000000    -13.979420395472
      1.420000000000    -13.963893971140
      1.422000000000    -13.948098606150
      1.424000000000    -13.932032466370
      1.426000000000    -13.915693717669
      1.428000000000    -13.899080525914
      1.430000000000    -13.882191056974
      1.432000000000    -13.865023476716
      1.434000000000    -13.847575951009
      1.436000000000    -13.829846645721
      1.438000000000    -13.811833726721
      1.440000000000    -13.793535359875
      1.442000000000    -13.774949711053
      1.444000000000    -13.756074946122
      1.446000000000    -13.736909230950
      1.448000000000    -13.717450731406
      1.450000000000    -13.697697613358
      1.452000000000    -13.677648042673
      1.454000000000    -13.657300185221
      1.456000000000    -13.636652206868
      1.458000000000    -13.615702273484
      1.460000000000    -13.594448550936
      1.462000000000    -13.572889205092
      1.464000000000    -13.551022401821
      1.466000000000    -13.528846306991
      1.468000000000    -13.506359086469
      1.470000000000    -13.483558906124
      1.472000000000    -13.460443931824
      1.474000000000    -13.437012329436
      1.476000000000    -13.413262264830
      1.478000000000    -13.389191903874
      1.480000000000    -13.364799412434
      1.482000000000    -13.340082956380
      1.484000000000    -13.315040701580
      1.486000000000    -13.289670813901
      1.488000000000    -13.263971459212
      1.490000000000    -13.237940803382
      1.492000000000    -13.211577012277
      1.494000000000    -13.184878251766
      1.496000000000    -13.157842687717
      1.498000000000    -13.130468485999
      1.500000000000    -13.102753812479
      1.502000000000    -13.074697366919
      1.504000000000    -13.046299984649
      1.506000000000    -13.017563034892
      1.508000000000    -12.988487886874
      1.510000000000    -12.959075909817
      1.512000000000    -12.929328472945
      1.514000000000    -12.899246945483
      1.516000000000    -12.868832696653
      1.518000000000    -12.838087095679
      1.520000000000    -12.807011511786
      1.522000000000    -12.775607314197
      1.524000000000    -12.743875872135
      1.526000000000    -12.711818554824
      1.528000000000    -12.679436731489
      1.530000000000    -12.646731771353
      1.532000000000    -12.613705043639
      1.534000000000    -12.580357917571
      1.536000000000    -12.546691762374
      1.538000000000    -12.512707947270
      1.540000000000    -12.478407841484
      1.542000000000    -12.443792814239
      1.544000000000    -12.408864234759
      1.546000000000    -12.373623472267
      1.548000000000    -12.338071895989
      1.550000000000    -12.302210875146
      1.552000000000    -12.266041778963
      1.554000000000    -12.229565976664
      1.556000000000    -12.192784837472
      1.558000000000    -12.155699730612
      1.560000000000    -12.118312025306
      1.562000000000    -12.080623090779
      1.564000000000    -12.042634296254
      1.566000000000    -12.004347010955
      1.568000000000    -11.965762604106
      1.570000000000    -11.926882444931
      1.572000000000    -11.887707902653
      1.574000000000    -11.848240346496
      1.576000000000    -11.808481145683
      1.578000000000    -11.768431669439
      1.580000000000    -11.728093286987
      1.582000000000    -11.687467367551
      1.584000000000    -11.646555280355
      1.586000000000    -11.605358394622
      1.588000000000    -11.563878079576
      1.590000000000    -11.522115704441
      1.592000000000    -11.480072638441
      1.594000000000    -11.437750250799
      1.596000000000    -11.395149910739
      1.598000000000    -11.352272987485
      1.600000000000    -11.309120850260
      1.602000000000    -11.265694868289
      1.604000000000    -11.221996410795
      1.606000000000    -11.178026847001
      1.608000000000    -11.133787546132
      1.610000000000    -11.089279877411
      1.612000000000    -11.044505210062
      1.614000000000    -10.999464913309
      1.616000000000    -10.954160356375
      1.618000000000    -10.908592908484
      1.620000000000    -10.862763938860
      1.622000000000    -10.816674816726
      1.624000000000    -10.770326911307
      1.626000000000    -10.723721591826
      1.628000000000    -10.676860227507
      1.630000000000    -10.629744187573
      1.632000000000    -10.582374841249
      1.634000000000    -10.534753557758
      1.636000000000    -10.486881706323
      1.638000000000    -10.438760656169
      1.640000000000    -10.390391776519
      1.642000000000    -10.341776436597
      1.644000000000    -10.292916005626
      1.646000000000    -10.243811852831
      1.648000000000    -10.194465347435
      1.650000000000    -10.144877858662
      1.652000000000    -10.095050755736
      1.654000000000    -10.044985407880
      1.656000000000     -9.994683184318
      1.658000000000     -9.944145454274
      1.660000000000     -9.893373586971
      1.662000000000     -9.842368951633
      1.664000000000     -9.791132917485
      1.666000000000     -9.739666853749
      1.668000000000     -9.687972129650
      1.670000000000     -9.636050114411
      1.672000000000     -9.583902177256
      1.674000000000     -9.531529687409
      1.676000000000     -9.478934014093
      1.678000000000     -9.426116526532
      1.680000000000     -9.373078593950
      1.682000000000     -9.319821585571
      1.684000000000     -9.266346870618
      1.686000000000     -9.212655818315
      1.688000000000     -9.158749797886
      1.690000000000     -9.104630178554
      1.692000000000     -9.050298329544
      1.694000000000     -8.995755620079
      1.696000000000     -8.941003419382
      1.698000000000     -8.886043096678
      1.700000000000     -8.830876021190
      1.702000000000     -8.775503562142
      1.704000000000     -8.719927088758
      1.706000000000     -8.664147970261
      1.708000000000     -8.608167575876
      1.710000000000     -8.551987274825
      1.712000000000     -8.495608436333
      1.714000000000     -8.439032429623
      1.716000000000     -8.382260623919
      1.718000000000     -8.325294388445
      1.720000000000     -8.268135092425
      1.722000000000     -8.210784105082
      1.724000000000     -8.153242795640
      1.726000000000     -8.095512533322
      1.728000000000     -8.037594687353
      1.730000000000     -7.979490626957
      1.732000000000     -7.921201721356
      1.734000000000     -7.862729339775
      1.736000000000     -7.804074851437
      1.738000000000     -7.745239625567
      1.740000000000     -7.686225031387
      1.742000000000     -7.627032438123
      1.744000000000     -7.567663214996
      1.746000000000     -7.508118731231
      1.748000000000     -7.448400356053
      1.750000000000     -7.388509458684
      1.752000000000     -7.328447408348
      1.754000000000     -7.268215574269
      1.756000000000     -7.207815325671
      1.758000000000     -7.147248031777
      1.760000000000     -7.086515061812
      1.762000000000     -7.025617784999
      1.764000000000     -6.964557570561
      1.766000000000     -6.903335787723
      1.768000000000     -6.841953805708
      1.770000000000     -6.780412993739
      1.772000000000     -6.718714721042
      1.774000000000     -6.656860356838
      1.776000000000     -6.594851270353
      1.778000000000     -6.532688830810
      1.780000000000     -6.470374407432
      1.782000000000     -6.407909369444
      1.784000000000     -6.345295086068
      1.786000000000     -6.282532926530
      1.788000000000     -6.219624260051
      1.790000000000     -6.156570455857
      1.792000000000     -6.093372883171
      1.794000000000     -6.030032911217
      1.796000000000     -5.966551909218
      1.798000000000     -5.902931246398
      1.800000000000     -5.839172291982
      1.802000000000     -5.775276415191
      1.804000000000     -5.711244985252
      1.806000000000     -5.647079371386
      1.808000000000     -5.582780942818
      1.810000000000     -5.518351068772
      1.812000000000     -5.453791118470
      1.814000000000     -5.389102461138
      1.816000000000     -5.324286465999
      1.818000000000     -5.259344502276
      1.820000000000     -5.194277939194
      1.822000000000     -5.129088145975
      1.824000000000     -5.063776491845
      1.826000000000     -4.998344346025
      1.828000000000     -4.932793077741
      1.830000000000     -4.867124056215
      1.832000000000     -4.801338650673
      1.834000000000     -4.735438230336
      1.836000000000     -4.669424164430
      1.838000000000     -4.603297822178
      1.840000000000     -4.537060572803
      1.842000000000     -4.470713785529
      1.844000000000     -4.404258829581
      1.846000000000     -4.337697074181
      1.848000000000     -4.271029888554
      1.850000000000     -4.204258641923
      1.852000000000     -4.137384703512
      1.854000000000     -4.070409442545
      1.856000000000     -4.003334228245
      1.858000000000     -3.936160429836
      1.860000000000     -3.868889416542
      1.862000000000     -3.801522557587
      1.864000000000     -3.734061222194
      1.866000000000     -3.666506779588
      1.868000000000     -3.598860598991
      1.870000000000     -3.531124049628
      1.872000000000     -3.463298500722
      1.874000000000     -3.395385321497
      1.876000000000     -3.327385881177
      1.878000000000     -3.259301548985
      1.880000000000     -3.191133694146
      1.882000000000     -3.122883685883
      1.884000000000     -3.054552893419
      1.886000000000     -2.986142685979
      1.888000000000     -2.917654432786
      1.890000000000     -2.849089503063
      1.892000000000     -2.780449266036
      1.894000000000     -2.711735090927
      1.896000000000     -2.642948346960
      1.898000000000     -2.574090403359
      1.900000000000     -2.505162629347
      1.902000000000     -2.436166394149
      1.904000000000     -2.367103066988
      1.906000000000     -2.297974017087
      1.908000000000     -2.228780613671
      1.910000000000     -2.159524225964
      1.912000000000     -2.090206223188
      1.914000000000     -2.020827974568
      1.916000000000     -1.951390849328
      1.918000000000     -1.881896216690
      1.920000000000     -1.812345445880
      1.922000000000     -1.742739906120
      1.924000000000     -1.673080966635
      1.926000000000     -1.603369996648
      1.928000000000     -1.533608365382
      1.930000000000     -1.463797442062
      1.932000000000     -1.393938595912
      1.934000000000     -1.324033196155
      1.936000000000     -1.254082612014
      1.938000000000     -1.184088212714
      1.940000000000     -1.114051367478
      1.942000000000     -1.043973445530
      1.944000000000     -0.973855816094
      1.946000000000     -0.903699848393
      1.948000000000     -0.833506911652
      1.950000000000     -0.763278375093
      1.952000000000     -0.693015607941
      1.954000000000     -0.622719979420
      1.956000000000     -0.552392858752
      1.958000000000     -0.482035615163
      1.960000000000     -0.411649617875
      1.962000000000     -0.341236236112
      1.964000000000     -0.270796839099
      1.966000000000     -0.200332796058
      1.968000000000     -0.129845476214
      1.970000000000     -0.059336248790
      1.972000000000      0.011193516990
      1.974000000000      0.081742451903
      1.976000000000      0.152309186723
      1.978000000000      0.222892352229
      1.980000000000      0.293490579196
      1.982000000000      0.364102498400
      1.984000000000      0.434726740617
      1.986000000000      0.505361936625
      1.988000000000      0.576006717198
      1.990000000000      0.646659713115
      1.992000000000      0.717319555149
      1.994000000000      0.787984874079
      1.996000000000      0.858654300680
      1.998000000000      0.929326465728
      2.000000000000      1.000000000000
